1 0.6304909963930333 -0.8579033210678375 1.0629976072588312
2 0.8402839358356956 -0.40687932624373957 1.179467479850195
3 0.08627129444723317 -1.4942773402386536 -0.12392477175892225
4 0.12493424431417438 1.2746572224234316 -0.7731797972874546
5 -1.3851495607882072 0.37259596263568023 0.4386470827947583
6 -1.0160472624570644 1.0926514278572053 -0.12784480949438404
7 0.4196639609863375 -1.2215717092862306 0.7707120124060326
8 1.0661204406264202 -0.606728072916809 -0.8616287459418075
9 0.16375874035131438 1.1598565306297135 0.9384993936365028
10 -0.018892816362189535 1.401676085378406 0.532087393480441
11 1.3444300772483844 -0.5149235558696219 0.43032513976144304
12 -1.2489151701997372 -0.2469723556967196 -0.7886018181191758
13 -0.49525011747288517 -0.7205710448397582 -1.2156780331006587
14 -0.7617292135659 1.2577866810133633 0.28882559381997663
15 -0.09332161978895925 1.4535153581345583 -0.3452091046703103
16 -1.3356305255005907 -0.07938930372568365 0.6809793641207416
17 -0.31226597257931843 -1.4539776281246404 0.21476644555597307
18 -0.15436621383972238 -0.6053315052096124 1.3687437007280139
19 0.6095606397078152 1.1043953999970695 -0.8050637911591991
20 0.21711129819430325 -0.03532352819181028 -1.4798155743914165
21 -0.38564761356093413 -0.966792138422683 1.0859154557418644
22 1.0478771161742881 0.3527951941996463 -1.0095297343589138
23 -1.1189953469931666 0.5104022921069222 0.8605194980436616
24 -0.8735007128313441 1.0448923524891718 -0.6197919020333629
25 0.6370383570403904 0.4718010240288535 1.2771015749139423
26 0.1642195092288108 -1.4429986757125164 0.38803417010478575
27 -0.10888787842370817 -1.277621766717111 0.7859754141763705
28 -0.27995526231029544 0.9603378294088886 1.1197994965498665
29 -0.6598581401810009 0.44378090394751507 -1.266577494010086
30 -1.4005967827286767 -0.5369966847507257 -0.010674541247354341
31 -0.4674003631307002 1.2331820760128436 0.714523330230014
32 1.4192172828445657 -0.48381536003589787 -0.0733440951164468
33 -0.4626757266238499 -1.1852523050753803 -0.7931338401877355
34 1.3394034364521241 0.32281255490210214 -0.589483038361486
35 1.202100576782294 -0.8002501370102877 -0.40803431734317286
36 0.2326022442707646 0.9385881636021602 -1.140929481946074
37 -1.0670955446255377 0.9114326941862467 0.5285097036307279
38 0.8441325910261186 -1.1544122885906347 0.46360594676544714
39 0.4470803069232697 1.3776588146153226 -0.37898207825252683
40 0.4857245198679737 -1.3528800869505417 -0.43229938695347414
41 1.0123873448264904 0.5981141755727822 0.9348341549461342
42 0.5632025998453203 -1.39039803055109 0.08512421307496922
43 1.3283459874447758 -0.2013075751619695 -0.6650859828428608
44 0.8298366254793174 -1.041037136605567 -0.691168723846765
45 1.187140808188532 -0.9092516608597734 0.14462909425520923
46 -0.5975896548519515 -1.2444687883256478 0.5946895830308156
47 -1.4533536685389024 -0.146228807020222 -0.3347455973837654
48 -0.762979735828786 0.8810582073940997 0.9457055541116808
49 0.6783171853537087 0.6848427877413635 -1.1442932353143291
50 1.4704802546351172 -0.0307319356151865 0.302594912729499
51 1.2981510397899225 0.21633865223468307 0.7245406365090652
52 0.6699187314885795 0.1884947927466298 -1.3247237076877738
53 -0.6573758649669514 -0.5424708920368815 1.2390291585239313
54 1.256720542188578 0.6659985277200465 0.4795744072375885
55 0.9137958822280293 1.027224598198373 0.6013137286485802
56 0.3600216662538391 -0.5239244921565103 1.3638091261688168
57 -0.08524991026040851 -1.0132983835051874 -1.100537632370468
58 -1.2989446226505947 -0.566892727410135 0.49597824404973756
59 -1.4870088816565783 -0.06780427971995096 0.18375876875510128
60 -1.2975204886635936 0.7429689702873256 0.10010403809818831
61 -0.38448952962352223 1.2447484295855151 -0.7352655346079686
62 0.13308445360553695 -0.9743593701562503 1.138764559802618
63 -1.0304491563534484 0.12526152465791823 -1.0777117878168596
64 0.6075771264192632 -0.32653465209600085 -1.328751609940646
65 -0.21887752841593766 0.23307775008750123 -1.4609331177334965
66 0.18554759371313234 0.7719207564213392 1.275578474091552
67 0.7030801346764621 1.3212302016916797 0.07665986122449918
68 -0.008013499241613431 -1.3664437329993717 -0.6193836835106481
69 -0.6002884839292975 1.3420606122099894 -0.28171951446865506
70 -0.6119332886243924 -0.036201741293737655 1.3728735720424377
71 1.4355309576330901 0.43148504919714514 0.06176509077492581
72 1.0424915734689941 -0.7687067575745914 0.7638967407325254
73 -1.3220548612984473 0.254368792022045 -0.6549280331968959
74 0.1876849943236202 0.29655262020202117 1.4621416880576805
75 -1.2259978684224464 -0.6904641890715482 -0.5168149650374474
76 -0.8676268423509725 -0.8630600474216124 -0.8646884095922474
77 0.5596694640756716 -0.040127438219883516 1.3955928078507431
78 0.9168229077857168 -1.1719665769997079 -0.20193739085450346
79 -1.4535628458176433 0.3302670094834473 -0.15218980248706515
80 1.207248688340109 -0.27244308745763846 0.8534422254913461
81 1.261905203715095 0.7487846866078384 -0.3049162873499256
82 -1.0327847762190387 -1.0078283940098132 0.4170690230637405
83 -0.7460209122017645 0.44856082715317686 1.2244339812142775
84 -1.027811675535176 0.617590059803782 -0.8947128638517015
85 0.2453544829320292 0.4814718412575093 -1.3945235478074096
86 -0.627816135077083 -0.0623687330243996 -1.3564898358348714
87 0.21054416244680824 1.4812802992672502 0.07670171592716762
88 -0.842721247512614 -0.8832491684541708 0.877232912846715
89 -0.26576519853908565 0.5149009846805221 1.3867255550893127
90 -1.1447711395151572 -0.9665969357720954 -0.0837438620807589
91 0.6145209466704254 0.9225853824201941 1.0131158002349387
92 0.6471961671437214 -0.7806336926466813 -1.1031889861472663
93 -1.2404084953301435 0.722486072911113 -0.42523128952367273
94 1.0183378000657455 0.7962469168648146 -0.7554738141366073
95 -0.8392400551465187 -1.1620308450050771 -0.4422031551211205
96 -0.9026962283248494 -0.4175005625301793 -1.118951818048096
97 -0.7707661519442723 -1.2872111971807954 0.06339856350050294
98 1.0214290184588695 -0.14803095177647663 -1.085343602371161
99 -1.0788084263376234 -0.4391639210736571 0.9494414423114662
100 1.1077957270710317 1.0038793125643286 0.11481842151904643
101 0.9098588836333541 1.1317853897577743 -0.36680942510301406
102 -0.6094783204377308 0.8950788874286226 -1.0314902501980114
103 0.48583841478582723 1.3078129450919376 0.5505269135634415
104 -0.3137075978986985 1.4595287333164915 0.12437354750510457
105 -0.40839057656437205 -1.4137812941753154 -0.2959499867057076
106 -0.11435566603078229 -0.11186130702947139 1.4956802069786166
107 -1.0373202571836515 0.05064442717789691 1.0856164422131034
108 0.3647536287627553 -1.1480292952293638 -0.892856116505321
109 0.19942773631894808 -0.6487197799193254 -1.3347297361524824
110 1.4845344538138963 0.0023636089350096965 -0.2157933931214302
111 -0.2081894113254279 0.7200387734478789 -1.2938356768888184
112 -0.20460639958015747 -0.3439743703609466 -1.4419070822487114
113 0.9845930711672708 0.10798265314974094 1.1310335496366808
114 0.08774119209005933 0.15635947813499418 0.40059180837632696
115 0.1308693018003883 -0.07112960578146499 -0.6060108824105939
116 -0.30190115918107097 -0.798684278984851 0.3981978257398359
117 -0.882454893644649 0.15995711634731152 -0.17279583251053765
118 -0.5979201191310963 0.4436172333125712 -0.572809720105397
119 -0.3624318088104701 -0.16027089787811377 0.2598341460026786
120 0.8785706701185008 0.2811724158740998 0.30571811872127314
121 -0.1464962569323518 0.8172758516844012 -0.460428152847534
122 -0.06345512789193464 0.839216655724568 0.5206688620061845
123 0.5527086036990304 0.7717941642262608 0.21280303309764007
124 0.27020496206798783 -0.333152122599202 0.18323125005252558
125 -0.5468517108205404 0.7335712049450761 -0.07317332055782089
126 0.6535653890044522 -0.08365055866646287 0.701596237729097
127 -0.8497687164861247 -0.3898991227985249 0.05801489301742431
128 -0.44819377238962943 -0.043683785094621896 -0.8180993826214689
129 0.7273093318367287 -0.12479488750803824 -0.6058252132832962
130 0.9542447581412281 -0.1299100093780936 -0.08410171674899658
131 0.5022350204059917 0.4734313426482728 0.6907398061844037
132 0.5979981507895353 -0.6983064067760694 -0.15877499435407572
133 -0.86208700551596 0.09820692358007065 0.3868304889102857
134 0.17073647085714158 -0.10792384744573269 0.993933076874315
135 -0.5148851537000851 0.12211140633468416 0.8274884643412379
136 0.7887785643539281 -0.4993965040690824 0.334988996772945
137 -0.7007173010058523 -0.45637764735391073 -0.4984376634394678
138 -0.08669955226831405 0.39239265064036855 -0.8403435419367966
139 -0.24677385537222563 0.14879834368238046 -0.19451008330538855
140 -0.5801465635115051 0.6054317319410399 0.4790560211302724
141 0.09277387305105991 -0.9164583810474127 -0.2977622649221985
142 -0.18132545221918406 -0.543626713300803 -0.7771210710633696
143 -0.029551849008974784 0.4089463782299909 0.8882231918254689
144 -0.2693305346525179 -0.3949953795783614 0.7940825737407619
145 0.04194552101159279 0.5965404731681351 0.021613671640803498
146 0.31867078932999277 -0.5628545491050616 0.6951464825912618
147 -0.12243044535930636 -0.39973147285412836 -0.22363190487133977
148 0.4275953275518068 0.7957236893302481 -0.35608412011075075
149 -0.4773992065424437 -0.8282187702806283 -0.13754124856736638
150 0.36688045172488876 -0.5799559532921066 -0.6582474583589573
151 0.48450953048227874 0.3697610310039382 -0.7199525129194484
152 0.25782351077835086 -0.9014000948422165 0.24453500043939708
153 0.564653465531572 0.26840033130753366 -0.16310901323053884